5 2
3 7
8 10
5 2
9 11
21 18
30 10
5 2 20 1 30 10 344 122 567 1
23 15 7 9 11 3 178 22 345 1
40 50 34 24 14 4 876 555 11 11
9 10 11 12 13 14 12231 221 12 12
31 4 18 8 27 17 21 27 567 43
44 32 13 19 41 19 145 654 88 12
1 2 3 4 5 6 234 678 8911 234
80 37 47 18 21 9 21 22 45 67
5 2 20 2 30 10 344 122 567 2
23 15 7 9 11 3 178 22 345 1
23 15 7 9 11 3 178 22 345 1
40 50 34 24 14 4 876 555 23 23
9 10 11 12 13 14 12231 221 12 33
31 4 18 8 27 17 21 27 567 43
44 32 13 19 41 19 145 654 88 12
1 2 3 4 5 6 234 678 8911 234
80 37 47 18 21 9 21 22 45 67
4 1 19 1 29 9 343 121 566 1
5 2 20 1 30 10 344 122 567 1
23 15 7 9 11 3 178 22 345 1
40 50 34 24 14 4 876 555 34 34
9 10 11 12 13 14 12231 221 12 66
31 4 18 8 27 17 21 27 567 43
44 32 13 19 41 19 145 654 88 12
1 2 3 4 5 6 234 678 8911 234
80 37 47 18 21 9 21 22 45 67
5 2 20 1 30 10 344 122 567 1
23 15 7 9 11 3 178 22 345 1
40 50 34 24 14 4 876 555 32 66
9 10 11 12 13 14 12231 221 12 12
8 6
5 2 20 1 30 10
23 15 7 9 11 3
40 50 34 24 14 4
9 10 11 12 13 14
31 4 18 8 27 17
44 32 13 19 41 19
1 2 3 4 5 6
80 37 47 18 21 9
30 10
5 2 20 1 30 10 344 122 567 1
23 15 7 9 11 3 178 22 345 1
40 50 34 24 14 4 876 555 11 11
9 10 11 12 13 14 12231 221 12 12
31 4 18 8 27 17 21 27 567 43
44 32 13 19 41 19 145 654 88 12
1 2 3 4 5 6 234 678 8911 234
80 37 47 18 21 9 21 22 45 67
5 2 20 2 30 10 344 122 567 2
23 15 7 9 11 3 178 22 345 1
23 15 7 9 11 3 178 22 345 1
40 50 34 24 14 4 876 555 23 23
9 10 11 12 13 14 12231 221 12 33
31 4 18 8 27 17 21 27 567 43
44 32 13 19 41 19 145 654 88 12
1 2 3 4 5 6 234 678 8911 234
80 37 47 18 21 9 21 22 45 67
4 1 19 1 29 9 343 121 566 1
5 2 20 1 30 10 344 122 567 1
23 15 7 9 11 3 178 22 345 1
40 50 34 24 14 4 876 555 34 34
9 10 11 12 13 14 12231 221 12 66
31 4 18 8 27 17 21 27 567 43
44 32 13 19 41 19 145 654 88 12
1 2 3 4 5 6 234 678 8911 234
80 37 47 18 21 9 21 22 45 67
5 2 20 1 30 10 344 122 567 1
23 15 7 9 11 3 178 22 345 1
24 16 8 10 12 4 179 23 346 2
40 50 34 24 14 4 876 555 32 66
30 10
116 113 119 1113 11131 1111 11345 11123 51168 31111
5 2 20 1 30 10 344 122 567 1
23 15 7 9 11 3 178 22 345 1
40 50 34 24 14 4 876 555 11 11
9 10 11 12 13 14 12231 221 12 12
31 4 18 8 27 17 21 27 567 43
44 32 13 19 41 19 145 654 88 12
1 2 3 4 5 6 234 678 8911 234
80 37 47 18 21 9 21 22 45 67
5 2 20 2 30 10 344 122 567 2
23 15 7 9 11 3 178 22 345 1
23 15 7 9 11 3 178 22 345 1
40 50 34 24 14 4 876 555 23 23
9 10 11 12 13 14 12231 221 12 33
31 4 18 8 27 17 21 27 567 43
44 32 13 19 41 19 145 654 88 12
1 2 3 4 5 6 234 678 8911 234
80 37 47 18 21 9 21 22 45 67
4 1 19 1 29 9 343 121 566 1
5 2 20 1 30 10 344 122 567 1
23 15 7 9 11 3 178 22 345 1
40 50 34 24 14 4 876 555 34 34
9 10 11 12 13 14 12231 221 12 66
31 4 18 8 27 17 21 27 567 43
44 32 13 19 41 19 145 654 88 12
80 37 47 18 21 9 21 22 45 67
5 2 20 1 30 10 344 122 567 1
23 15 7 9 11 3 178 22 345 1
40 50 34 24 14 4 876 555 32 66
24 16 8 10 12 4 179 23 346 2
20 1
1
3
2
4
53
44
12
34
23
11
23
15
78
65
21
56
78
66
45
34
5 2
3 7
8 10
5 2
9 11
21 18
8 6
5 2 20 1 30 10
23 15 7 9 11 3
40 50 34 24 14 4
9 10 11 12 13 14
31 4 18 8 27 17
44 32 13 19 41 19
1 2 3 4 5 6
80 37 47 18 21 9
10 2
1 1
1 2
1 3
1 4
1 5
1 6
1 7
1 8
1 9
1 10
6 1
6
8
10
4
5
4
5 1
1
1
1
1
1
30 10
10 9 8 7 6 5 4 3 2 1
1 2 3 4 5 6 7 8 9 10
11 12 13 14 15 16 17 18 19 20
21 22 23 24 25 26 27 28 29 30
31 32 33 34 35 36 37 38 39 40
41 42 43 44 45 46 47 48 49 50
1 2 3 4 5 6 7 8 9 10
11 12 13 14 15 16 17 18 19 20
21 22 23 24 25 26 27 28 29 30
31 32 33 34 35 36 37 38 39 40
41 42 43 44 45 46 47 48 49 50
200 201 202 203 204 205 206 207 208 209 
100 101 102 103 104 105 106 107 108 109 
300 301 302 303 304 305 306 307 308 309 
200 201 202 203 204 205 206 207 208 209 
100 101 102 103 104 105 106 107 108 109 
300 301 302 303 304 305 306 307 308 309 
400 401 402 403 404 405 406 407 408 409 
500 501 502 503 504 505 506 507 508 509 
411 412 413 414 415 416 417 418 419 420 
521 522 523 524 525 526 527 528 529 530
50 60 70 80 90 50 60 70 80 90
20 30 40 50 60 70 80 90 10 99
19 29 39 49 59 69 79 89 95 9
15 35 25 45 65 55 85 75 93 5
50 60 70 80 90 50 60 70 80 90
20 30 40 50 60 70 80 90 10 99
10 9 8 7 6 5 4 3 2 1
19 29 39 49 59 69 79 89 95 9
15 35 25 45 65 55 85 75 93 5
30 10
30 31 32 33 34 35 36 37 38 39
29 30 31 32 33 34 35 36 37 38
28 29 30 31 32 33 34 35 36 37
27 28 29 30 31 32 33 34 35 36
26 27 28 29 30 31 32 33 34 35
25 26 27 28 29 30 31 32 33 34
24 25 26 27 28 29 30 31 32 33
23 24 25 26 27 28 29 30 31 32
22 23 24 25 26 27 28 29 30 31
21 22 23 24 25 26 27 28 29 30
20 21 22 23 24 25 26 27 28 29
19 20 21 22 23 24 25 26 27 28
18 19 20 21 22 23 24 25 26 27
17 18 19 20 21 22 23 24 25 26
16 17 18 19 20 21 22 23 24 25
15 16 17 18 19 20 21 22 23 24
14 15 16 17 18 19 20 21 22 23
13 14 15 16 17 18 19 20 21 22
12 13 14 15 16 17 18 19 20 21
11 12 13 14 15 16 17 18 19 20
10 11 12 13 14 15 16 17 18 19
9 10 11 12 13 14 15 16 17 18
8 9 10 11 12 13 14 15 16 17
7 8 9 10 11 12 13 14 15 16
6 7 8 9 10 11 12 13 14 15
5 6 7 8 9 10 11 12 13 14
4 5 6 7 8 9 10 11 12 13
3 4 5 6 7 8 9 10 11 12
2 3 4 5 6 7 8 9 10 11
1 2 3 4 5 6 7 8 9 10
1 1
22
30 10
22230 22231 22232 22233 22234 22235 22236 22237 22238 22239
22229 22230 22231 22232 22233 22234 22235 22236 22237 22238
22228 22229 22230 22231 22232 22233 22234 22235 22236 22237
27 28 29 30 31 32 33 34 35 36
26 27 28 29 30 31 32 33 34 35
25 26 27 28 29 30 31 32 33 34
24 25 26 27 28 29 30 31 32 33
23 24 25 26 27 28 29 30 31 32
22 23 24 25 26 27 28 29 30 31
21 22 23 24 25 26 27 28 29 30
20 21 22 23 24 25 26 27 28 29
19 20 21 22 23 24 25 26 27 28
18 19 20 21 22 23 24 25 26 27
17 18 19 20 21 22 23 24 25 26
16 17 18 19 20 21 22 23 24 25
15 16 17 18 19 20 21 22 23 24
14 15 16 17 18 19 20 21 22 23
13 14 15 16 17 18 19 20 21 22
12 13 14 15 16 17 18 19 20 21
11 12 13 14 15 16 17 18 19 20
10 11 12 13 14 15 16 17 18 19
9 10 11 12 13 14 15 16 17 18
8 9 10 11 12 13 14 15 16 17
7 8 9 10 11 12 13 14 15 16
6 7 8 9 10 11 12 13 14 15
5 6 7 8 9 10 11 12 13 14
4 5 6 7 8 9 10 11 12 13
3 4 5 6 7 8 9 10 11 12
2 3 4 5 6 7 8 9 10 11
1 2 3 4 5 6 7 8 9 10


